 I:    89.8000031    
 B:    77.5000000    
 DP0:    1900.00000    
 PHADJ:    0.00000000    
 CHISQ:    81.9391785    
