 I:    67.5000000    
 B:    90.0000000    
 DP0:    2000.00000    
 PHADJ:    0.00000000    
 CHISQ:    81.9388275    
